290 391 366
55 458 389
209 375 304
226 337 413
245 536 228
358 365 396
319 375 398
260 489 264
197 518 298
48 329 312
174 517 288
111 470 259
70 502 220
84 347 456
339 341 415
187 511 305
315 114 438
129 123 439
165 117 434
199 379 306
150 474 329
237 477 286
131 474 325
142 124 439
151 130 434
211 110 458
290 128 443
315 126 438
183 507 265
130 137 430
177 130 427
221 136 454
235 133 460
190 507 304
99 486 259
450 211 372
153 140 424
167 132 429
169 142 421
233 140 456
281 136 443
302 135 440
403 341 374
221 544 276
248 144 447
279 140 443
318 141 448
328 146 449
194 338 406
73 415 448
405 130 387
143 146 417
158 146 418
184 140 422
221 144 448
233 145 451
260 144 444
264 149 449
299 142 448
307 151 457
232 150 440
246 150 441
277 151 453
292 154 460
109 485 240
398 137 391
36 375 302
176 503 310
107 461 285
198 152 415
232 154 432
257 164 453
305 157 460
311 160 461
325 155 456
83 391 456
414 150 396
416 145 396
365 377 364
71 445 274
39 360 300
169 505 308
179 368 379
160 164 413
168 154 417
186 152 418
241 155 439
250 156 446
252 163 451
269 162 456
288 164 462
324 166 459
414 315 291
63 386 460
61 404 453
123 452 404
103 449 415
205 376 359
92 482 273
165 389 362
175 169 420
209 164 411
226 158 423
236 171 437
300 164 464
58 377 457
211 535 285
407 152 395
430 157 398
109 458 404
167 184 419
184 174 421
63 512 176
287 174 462
296 168 464
316 172 461
301 370 405
401 346 366
417 170 394
197 163 415
275 181 466
299 176 464
27 346 421
423 164 397
437 173 396
362 374 378
258 384 304
265 173 459
310 180 467
263 368 401
342 370 398
69 466 374
216 184 413
298 182 468
186 346 400
252 372 389
224 476 296
97 464 391
288 185 468
291 358 416
281 367 408
427 178 393
446 186 392
452 181 391
183 190 425
197 183 419
256 197 462
308 189 470
259 359 409
359 338 413
203 525 293
294 299 450
132 186 384
136 191 396
147 182 395
175 209 426
210 188 414
266 195 465
321 195 467
430 294 304
422 185 390
439 186 391
413 321 379
65 492 215
115 443 288
283 197 469
301 198 470
239 360 400
313 384 386
161 203 419
248 209 463
255 213 466
270 207 466
300 208 470
192 357 393
90 191 360
430 192 385
429 257 384
351 382 369
174 385 304
349 368 395
57 462 378
204 265 225
259 213 465
316 205 468
324 218 469
311 361 411
320 351 417
439 200 381
457 193 385
115 369 274
281 316 232
195 206 425
202 204 421
213 209 419
285 209 471
350 357 406
32 298 353
438 209 371
464 207 374
166 215 426
288 388 378
79 363 461
78 433 435
452 202 381
138 471 293
379 361 382
268 390 333
165 262 235
185 207 426
213 226 424
159 489 319
265 220 469
281 217 474
292 217 475
223 282 215
250 348 414
48 325 375
78 491 254
18 379 358
195 376 365
152 221 426
201 230 424
279 222 474
301 221 474
313 219 469
69 437 430
424 267 271
413 326 302
135 225 426
172 231 429
95 469 363
271 230 473
291 228 477
341 280 455
80 282 256
77 406 453
223 366 379
198 528 289
74 506 220
191 226 427
247 233 469
266 240 474
300 231 475
309 238 471
317 230 469
115 463 243
83 423 441
348 388 340
265 293 455
124 233 429
141 234 431
148 229 430
158 227 428
165 237 428
182 235 429
255 249 471
257 230 470
283 238 474
412 332 357
308 395 336
20 354 356
109 236 427
164 248 430
191 244 430
201 247 426
208 241 426
294 243 473
325 243 467
262 348 417
66 371 457
221 468 288
53 349 294
218 240 444
304 252 473
319 251 470
113 253 433
121 242 430
135 246 435
138 242 434
150 244 433
175 244 428
182 251 431
42 326 355
40 300 311
233 250 467
250 248 473
263 256 472
278 351 418
294 335 428
73 376 460
69 396 458
117 468 368
188 383 346
294 303 437
106 254 433
127 252 433
163 255 433
195 249 429
211 257 432
34 298 329
243 251 472
50 322 303
90 354 459
194 528 286
88 368 460
436 281 319
140 257 436
153 259 437
190 259 431
268 267 470
289 255 472
153 354 395
172 356 392
127 467 339
224 375 301
358 383 354
122 267 436
130 265 435
311 395 322
250 262 471
275 252 473
311 260 472
215 543 277
71 351 455
354 273 447
179 351 398
318 395 351
43 276 300
149 267 436
167 263 431
174 261 428
201 259 428
213 272 433
280 254 472
281 272 471
297 268 470
329 271 463
421 307 294
42 345 307
32 287 343
99 472 282
142 273 434
190 267 430
260 270 471
371 371 375
189 382 302
79 469 344
104 274 433
124 277 437
201 266 432
205 273 433
240 265 467
267 278 469
418 325 340
387 359 374
94 470 295
113 274 436
392 357 363
255 276 468
284 280 468
315 275 465
96 278 428
134 277 436
145 287 432
154 274 434
164 274 430
167 285 429
182 269 430
194 278 433
300 280 467
329 287 453
365 275 445
274 508 232
81 469 368
106 460 294
92 286 427
120 287 433
213 283 435
221 280 435
257 284 462
274 287 464
297 289 462
313 288 459
287 373 401
65 418 445
333 393 344
131 289 432
192 288 431
227 288 434
333 380 390
283 293 459
351 292 443
99 298 425
136 299 429
155 290 433
134 464 349
18 367 371
340 291 447
362 290 441
323 363 408
260 387 318
240 376 371
92 495 249
108 294 428
145 300 429
169 299 428
181 307 422
193 300 428
208 291 434
215 294 432
224 297 433
45 333 374
322 297 446
329 304 443
341 303 443
324 395 336
303 349 421
83 498 246
284 393 332
222 376 353
158 303 428
176 296 426
200 312 423
232 309 431
233 295 435
244 297 434
86 233 415
81 355 460
95 405 275
76 324 273
106 476 263
64 453 406
78 299 416
89 303 420
123 302 429
153 314 421
213 306 428
266 304 433
316 305 437
146 315 422
240 307 432
313 316 428
351 311 436
224 377 314
84 317 413
106 312 422
119 315 423
135 311 425
168 313 425
254 314 429
278 310 432
277 316 432
330 316 431
391 347 387
158 320 421
184 321 415
223 313 427
246 316 429
255 325 428
289 317 433
301 314 432
336 313 437
346 322 426
380 367 362
192 320 416
237 328 423
262 314 431
316 329 426
327 322 424
145 482 322
138 344 405
340 389 360
92 326 413
97 323 415
109 332 413
148 328 415
272 323 431
304 328 428
330 331 420
361 322 421
292 318 233
136 324 419
163 328 417
174 323 419
204 327 415
208 348 399
266 330 428
212 280 226
60 277 272
151 341 406
169 486 318
127 329 414
176 337 408
226 348 403
238 343 414
278 336 427
312 338 425
112 456 273
123 340 409
147 282 235
79 254 255
84 405 277
242 512 238
134 448 295
351 111 430
144 354 402
93 280 251
380 352 393
230 112 463
278 117 447
340 116 434
359 123 428
109 441 416
152 109 438
171 109 433
213 377 324
295 119 442
206 461 286
308 323 239
130 436 396
131 114 441
148 115 439
148 405 383
224 117 463
233 122 462
248 117 458
241 505 261
372 286 440
345 129 434
366 121 423
108 271 244
361 302 438
191 281 230
256 128 455
128 371 421
138 371 413
368 131 423
387 131 397
172 472 316
328 133 436
346 138 432
109 308 248
198 485 259
54 227 350
102 371 452
254 136 452
357 133 430
378 139 415
382 134 409
165 471 322
372 319 419
365 145 423
432 147 395
445 147 385
458 144 364
142 135 433
210 518 281
197 464 305
332 141 440
351 146 432
387 277 432
121 382 423
190 475 313
187 486 301
234 551 264
227 543 271
166 452 323
381 154 417
444 159 393
456 147 373
98 343 445
252 481 271
109 504 178
176 450 314
195 495 292
424 299 373
343 158 446
359 154 435
372 155 424
403 156 399
468 160 370
181 448 305
160 379 381
217 271 205
358 166 444
366 162 436
394 159 411
440 165 396
456 160 384
213 485 294
94 434 430
132 451 390
435 285 337
175 468 320
95 369 458
108 287 246
245 557 249
336 171 456
122 360 422
478 174 361
431 293 352
222 479 299
345 170 449
373 165 430
387 169 422
152 389 391
423 286 386
354 175 447
401 176 415
410 171 401
108 368 445
104 421 424
453 172 391
471 171 373
152 448 334
91 404 445
359 181 446
382 180 431
474 185 373
130 379 419
371 350 401
126 417 399
320 181 465
332 178 458
370 176 438
400 186 420
107 379 440
129 347 410
464 176 383
210 511 278
189 480 305
132 412 396
97 425 432
330 189 463
344 185 452
391 187 425
413 184 404
462 185 385
478 190 365
227 531 265
261 499 258
418 321 362
247 543 246
366 183 442
407 185 413
114 408 411
471 192 376
202 479 307
334 200 462
339 193 458
361 192 444
408 201 414
420 194 396
100 397 437
176 480 311
400 323 396
375 192 436
379 205 432
401 202 420
429 201 381
465 195 381
251 490 273
247 484 280
424 293 289
371 211 442
415 198 406
331 367 405
476 201 366
415 254 257
403 292 413
206 475 306
126 423 398
100 359 455
96 350 454
350 199 454
389 200 427
412 282 265
470 203 372
117 436 412
326 341 420
336 213 463
390 212 425
409 214 412
420 211 399
112 414 411
253 526 245
24 345 352
298 305 433
109 339 415
117 352 419
363 209 448
377 212 434
399 221 422
427 210 385
134 389 410
178 494 312
282 304 433
268 499 252
209 494 285
379 303 426
104 340 427
387 291 427
346 215 459
387 223 431
435 227 370
66 449 293
162 459 328
143 441 357
236 473 280
352 220 456
369 226 448
407 220 416
32 416 376
141 397 399
187 467 314
29 406 366
110 392 426
343 230 463
355 228 458
427 237 388
144 426 362
388 335 402
136 429 387
378 227 440
394 228 429
416 227 406
440 223 356
158 393 377
266 514 242
191 500 300
161 478 324
164 440 317
425 278 278
108 404 420
117 396 417
157 367 387
152 375 396
87 415 444
331 230 466
354 239 459
366 241 452
376 237 445
393 237 431
113 423 411
114 471 247
362 313 430
110 348 428
344 241 462
387 248 434
434 246 374
437 251 360
152 362 397
213 529 284
126 399 411
417 292 277
136 363 413
340 253 460
241 495 271
361 356 403
133 354 412
355 251 454
109 478 150
245 530 249
387 311 415
425 309 350
374 295 435
363 259 449
392 255 430
400 252 425
411 240 412
67 341 445
388 320 410
141 413 385
112 360 436
104 353 447
401 337 384
416 263 406
115 495 131
232 522 260
432 266 290
418 304 383
333 259 465
373 254 445
411 298 399
145 377 404
206 500 283
323 260 469
351 266 452
404 261 422
409 254 414
424 311 309
375 333 411
233 488 282
262 537 233
226 511 267
155 437 326
338 269 461
378 266 440
399 267 427
230 484 291
23 359 381
78 413 280
23 364 388
68 473 258
22 370 410
386 265 433
406 273 418
348 280 450
417 285 398
116 372 430
96 383 451
239 548 258
346 348 412
148 459 336
391 302 419
38 287 313
120 429 407
125 440 402
398 282 423
73 450 250
356 106 274
352 106 256
433 273 367
416 117 310
367 111 294
359 115 263
372 120 412
441 128 320
365 113 286
350 115 241
30 341 414
29 342 331
113 531 127
267 540 223
114 457 233
174 285 233
430 126 307
432 134 297
366 122 272
267 494 252
113 460 214
273 532 216
425 257 273
57 327 389
449 132 344
459 144 316
366 129 257
356 115 249
195 457 300
447 136 307
396 300 257
258 486 260
155 410 321
272 523 215
459 140 332
455 146 304
372 295 238
374 133 268
362 131 239
235 333 241
139 450 376
463 144 353
471 152 332
438 145 289
49 334 386
388 143 275
386 145 262
380 143 251
367 135 248
358 142 234
253 303 229
113 517 142
113 443 278
437 265 340
152 429 327
52 335 433
144 451 353
110 445 240
146 414 371
116 526 119
470 151 347
466 155 310
451 159 290
112 503 163
470 154 360
471 155 322
459 156 299
184 102 213
390 151 259
94 106 285
477 167 356
222 370 287
140 433 373
475 159 346
480 171 341
464 169 299
381 155 240
274 519 220
69 216 380
111 477 172
408 169 274
398 162 267
390 158 252
478 170 329
473 169 313
388 166 246
249 286 204
43 330 323
482 186 347
479 182 318
472 180 306
417 180 281
392 172 251
217 363 273
36 310 353
483 185 332
408 180 265
373 170 228
115 506 143
29 339 349
35 334 339
479 190 318
393 182 246
20 375 379
21 361 414
273 520 228
55 231 370
190 452 294
481 198 356
480 200 326
423 194 284
405 190 257
115 481 223
71 461 262
415 195 267
396 194 245
51 441 310
39 317 330
86 544 134
44 374 292
483 198 342
420 205 272
405 204 253
25 383 410
113 491 151
87 443 218
149 412 306
149 425 349
480 206 349
116 519 126
375 198 230
76 450 217
114 181 362
114 110 432
476 214 340
192 369 276
388 204 239
175 378 279
78 494 186
271 508 226
32 363 311
114 492 179
431 275 293
155 413 340
33 410 392
78 470 225
413 220 263
379 211 229
156 433 313
24 349 408
87 222 408
114 471 199
271 503 242
431 216 294
426 209 282
401 219 249
389 215 237
212 467 297
41 315 318
136 440 386
433 256 294
430 228 289
340 274 213
99 274 248
28 369 319
437 225 308
21 361 334
434 279 354
267 494 246
437 261 312
439 233 321
421 218 273
430 299 316
147 436 343
435 279 307
431 276 374
423 317 323
44 289 299
423 236 276
407 229 257
22 363 399
114 455 256
435 243 302
414 240 261
402 236 248
27 426 366
78 535 139
115 483 198
151 424 316
424 272 390
82 196 357
28 417 353
429 303 329
83 529 140
73 453 273
45 309 305
69 342 287
439 237 345
427 245 280
410 246 252
188 137 228
45 419 308
111 496 202
116 471 223
438 262 326
434 253 303
166 439 306
108 539 124
99 543 131
106 537 133
107 519 153
89 543 141
75 457 404
252 386 351
114 469 355
132 462 377
189 519 298
78 540 148
63 467 346
83 464 389
97 532 149
278 301 443
122 465 380
68 461 393
56 465 360
84 477 284
259 555 224
170 374 368
93 467 305
79 467 308
96 524 164
120 459 399
230 379 350
82 536 156
71 533 159
342 384 376
41 328 336
206 365 378
153 411 358
172 388 328
105 462 303
188 373 373
329 392 363
295 394 350
311 393 364
22 352 336
103 467 379
41 428 326
88 468 321
276 391 351
168 379 363
90 455 411
255 554 234
249 561 241
50 458 324
36 293 318
35 417 332
97 469 343
281 380 391
34 409 322
69 470 244
21 355 371
230 381 333
101 516 174
93 518 183
472 214 325
74 539 143
205 380 331
274 389 367
403 336 294
56 292 280
231 550 247
116 468 334
34 272 364
476 205 318
171 384 351
393 347 291
35 285 324
25 352 393
84 525 175
92 460 402
481 205 335
180 379 359
399 350 314
82 436 254
45 317 370
72 334 282
41 455 378
468 218 333
137 466 338
411 334 312
395 352 306
64 286 269
32 431 393
238 558 255
88 485 271
88 515 202
208 377 350
137 459 368
296 383 388
388 361 319
378 364 300
33 299 341
74 513 202
215 358 390
364 375 304
24 355 424
308 301 441
131 459 389
129 466 358
191 366 384
78 521 187
455 221 339
102 466 322
409 338 332
351 381 301
58 430 296
25 431 354
40 459 347
103 503 209
66 507 200
83 443 426
476 211 354
471 217 352
465 220 346
443 222 338
337 388 305
61 311 281
71 466 324
366 364 393
75 449 418
223 549 260
97 510 206
351 375 386
463 219 357
452 221 349
122 469 324
377 372 330
358 381 317
28 427 379
161 400 351
228 552 266
327 387 379
308 390 375
473 209 364
45 461 362
399 351 328
373 372 315
157 400 369
110 490 223
101 495 238
95 502 229
82 509 219
445 219 351
218 370 365
165 394 334
388 362 337
342 390 321
326 393 319
303 392 308
310 295 452
143 460 339
89 508 222
464 215 365
436 214 368
358 383 334
21 381 341
38 318 341
232 272 457
114 463 393
163 363 383
453 217 363
32 420 388
141 459 349
255 384 365
401 348 352
373 375 347
48 294 291
192 384 330
183 385 316
199 534 276
77 470 293
160 399 325
46 460 338
268 381 383
291 393 317
34 292 364
106 104 347
108 106 373
100 108 402
360 290 232
184 483 263
70 392 280
83 107 322
93 107 337
108 108 354
100 113 400
112 118 429
85 111 327
105 112 378
101 114 389
107 119 419
120 124 433
120 116 436
190 266 229
182 113 429
84 113 312
85 119 319
87 119 325
93 116 333
99 115 341
117 114 360
183 128 425
195 116 444
214 118 460
246 293 441
100 369 274
109 115 350
107 124 385
43 292 383
188 121 433
197 123 446
207 121 454
91 127 321
59 294 401
222 233 446
188 129 429
222 128 460
92 126 310
99 126 331
38 307 367
229 237 461
118 131 429
207 132 450
73 311 409
113 126 344
117 134 338
378 269 232
68 247 408
119 138 421
226 246 461
197 134 437
211 141 444
255 300 434
99 133 323
127 140 334
145 492 306
135 146 416
64 357 452
219 264 444
74 480 269
192 140 423
224 273 447
60 351 447
143 143 345
204 152 419
206 141 436
240 282 455
84 275 425
140 149 337
53 366 449
151 150 412
204 147 428
231 284 443
41 276 381
127 147 322
40 267 375
24 375 423
253 292 451
217 152 431
43 428 420
75 271 419
32 442 384
141 156 336
150 161 349
43 441 405
91 259 427
149 156 403
51 449 402
213 157 413
34 359 440
67 522 176
50 283 393
132 161 323
64 445 419
97 264 431
168 279 233
41 397 441
23 363 425
148 159 344
151 169 401
31 388 430
216 164 411
223 171 418
49 367 289
56 391 457
146 168 348
65 524 161
142 172 363
142 179 379
144 169 381
157 186 411
50 244 382
245 173 450
60 272 404
49 260 388
134 179 370
54 436 422
228 217 444
224 188 422
27 369 433
162 505 303
37 431 408
40 415 427
253 183 458
49 377 452
112 339 260
57 255 400
35 349 437
240 187 445
263 185 464
89 246 422
49 400 448
131 146 410
330 328 242
133 108 440
72 491 246
49 309 385
36 381 439
63 319 397
36 284 372
33 416 413
243 277 462
126 273 238
219 202 420
236 540 235
277 328 234
229 258 462
119 468 314
41 366 446
78 450 203
239 239 469
49 418 435
232 107 459
42 383 446
103 322 258
236 223 459
71 473 273
69 257 413
48 389 452
57 244 394
55 306 393
42 304 377
58 418 443
64 285 407
80 287 421
142 265 235
71 233 402
235 320 234
35 450 379
228 204 436
240 203 455
50 362 448
257 524 223
218 253 447
175 266 234
205 308 233
217 314 232
79 361 277
162 316 239
218 220 428
164 105 236
166 118 237
161 111 247
35 341 318
456 219 328
89 113 298
118 116 368
67 511 171
169 509 279
68 532 150
179 117 218
168 109 228
101 122 285
93 125 301
74 478 220
111 119 376
84 456 176
177 125 228
160 117 258
32 386 314
70 462 294
90 507 147
106 126 395
174 373 272
156 375 275
174 131 236
99 133 305
80 464 211
134 129 358
120 125 369
104 123 406
60 452 302
168 126 247
165 128 258
51 308 291
104 137 314
74 457 257
137 138 371
113 132 386
112 136 404
110 131 414
120 135 288
111 137 302
114 140 322
27 447 365
129 138 381
129 142 390
182 522 278
32 416 403
23 391 376
24 383 390
199 124 212
30 350 318
125 144 301
85 439 236
143 137 354
122 142 403
128 477 313
58 328 294
145 139 359
145 146 365
68 470 251
188 144 249
64 461 312
128 152 314
143 152 388
142 148 402
80 507 166
137 144 283
144 154 374
63 503 194
329 371 271
202 327 244
207 149 242
438 210 310
401 329 280
135 159 289
130 149 296
150 148 352
149 150 358
145 160 387
97 497 134
210 157 247
273 335 239
129 164 308
202 533 266
213 154 234
206 156 259
133 171 290
148 162 360
34 456 361
69 522 157
65 493 205
218 163 225
137 167 331
39 392 303
30 399 318
24 396 347
155 495 285
138 180 278
128 174 327
40 416 314
22 393 360
27 400 375
366 354 270
212 175 237
207 166 257
123 178 308
30 408 343
116 513 115
102 497 125
227 541 244
252 549 222
208 171 247
332 289 223
128 179 297
33 410 378
314 312 236
29 398 394
28 416 362
18 379 367
29 394 415
165 367 266
335 295 231
183 298 235
104 476 134
68 488 238
155 501 293
70 461 273
97 473 139
459 196 299
213 184 226
207 196 232
373 308 246
134 482 305
101 482 130
66 483 229
246 360 267
366 329 255
95 480 138
224 181 208
221 196 206
215 187 217
203 184 254
88 349 277
91 479 152
210 204 218
202 200 245
341 308 236
434 210 303
294 337 242
84 202 298
64 520 172
51 453 313
38 402 308
380 254 231
76 212 294
137 275 234
81 457 193
77 517 158
214 205 209
353 308 236
57 220 322
76 463 244
26 396 332
298 286 204
68 222 285
61 219 310
56 221 334
79 444 240
27 446 349
28 439 345
95 526 129
219 323 237
365 369 292
63 222 298
54 228 306
49 231 327
30 449 340
303 351 248
77 455 215
213 219 200
207 222 209
203 216 226
59 230 292
32 432 338
68 440 287
82 476 198
322 345 245
197 229 233
49 243 307
49 232 315
42 243 332
42 240 344
56 234 381
380 339 269
72 470 236
30 453 348
87 491 164
201 231 217
81 240 259
63 241 279
42 248 359
47 243 367
86 472 174
80 484 195
351 330 249
208 232 202
113 527 116
248 345 249
53 243 293
65 422 287
214 238 195
207 242 204
201 239 219
166 354 256
61 253 274
45 252 300
40 254 338
40 248 346
45 256 378
70 249 266
52 251 287
42 248 320
27 425 348
77 432 279
50 402 295
73 455 241
76 459 242
144 365 268
208 257 209
203 246 213
41 261 303
263 320 233
35 439 330
44 442 320
38 452 331
120 107 435
36 261 325
34 264 343
36 260 347
40 260 368
77 442 258
196 253 228
46 270 291
36 264 315
26 437 367
17 366 354
213 257 199
209 266 218
67 264 265
58 265 277
51 269 284
32 269 335
31 420 342
69 455 284
147 492 293
41 384 296
92 465 150
39 277 313
33 278 332
32 275 354
52 426 304
83 432 268
67 499 190
255 282 198
87 465 163
24 376 328
72 274 260
52 280 282
269 284 199
213 345 253
189 348 255
263 309 229
320 265 202
281 279 196
348 360 266
388 308 253
427 191 293
387 294 248
241 309 230
402 251 245
244 561 240
320 354 252
469 204 308
284 339 242
438 194 297
270 295 217
119 353 266
339 357 259
346 285 227
208 143 226
247 558 231
261 331 240
87 116 303
354 319 247
200 356 265
151 354 257
280 353 254
254 558 226
209 115 210
261 552 218
157 335 248
261 273 191
111 463 309
135 332 247
267 547 216
221 105 213
281 307 230
130 473 302
358 276 226
341 373 280
235 296 228
249 295 226
124 455 299
311 383 287
275 300 227
264 544 213
117 460 303
212 352 259
392 337 276
205 106 209
259 538 216
335 347 251
115 451 296
411 303 271
446 216 319
299 360 260
351 271 219
321 294 226
171 139 265
275 342 246
263 347 251
441 224 331
376 328 260
173 342 252
474 193 308
121 110 272
291 329 236
382 185 234
322 306 237
186 374 279
378 348 276
117 102 273
122 443 295
332 303 234
400 309 262
338 315 241
370 282 234
395 278 246
319 300 234
178 139 247
407 295 264
329 364 262
462 217 321
377 357 285
186 128 220
216 334 246
120 431 289
358 313 243
323 276 206
279 368 266
243 290 218
250 321 234
298 304 232
273 376 277
96 541 124
230 346 254
121 129 281
460 178 292
190 112 211
132 425 292
411 312 277
193 362 269
272 257 186
120 362 272
181 365 266
385 326 263
295 348 249
416 271 263
295 277 198
451 185 290
468 189 303
362 346 261
255 354 257
88 215 402
369 260 226
407 263 249
356 365 277
224 125 213
276 291 208
130 102 267
197 135 219
180 355 259
350 343 254
428 183 290
148 108 263
323 284 211
241 279 197
264 367 271
447 206 306
291 296 218
141 411 296
159 392 306
314 362 259
293 369 269
226 288 225
174 109 219
137 403 289
149 401 297
308 291 215
277 385 295
320 391 303
405 277 254
97 543 126
199 335 246
314 373 272
230 281 204
154 390 297
298 385 291
308 270 200
323 336 242
387 274 239
140 374 278
157 362 262
242 364 272
105 540 121
145 113 265
144 388 288
164 387 305
291 388 297
322 382 285
336 382 291
460 210 310
111 535 119
385 194 238
404 316 270
393 324 267
154 345 253
202 370 283
148 382 286
195 377 291
470 210 315
252 376 290
250 334 242
138 120 269
198 143 234
342 282 221
303 298 227
161 382 286
175 381 288
237 370 282
264 378 285
287 380 280
305 105 231
256 106 222
236 105 217
337 108 235
312 109 229
147 290 234
136 295 236
218 510 246
341 119 233
314 117 228
280 110 225
261 114 221
157 109 261
164 326 244
150 330 245
103 110 279
230 505 244
287 116 224
226 113 213
388 113 300
277 125 223
250 120 218
105 422 277
159 123 265
95 113 286
412 121 298
407 124 292
316 125 228
356 301 234
119 323 249
113 121 278
377 119 288
300 131 225
276 131 222
248 130 218
221 135 216
312 329 240
126 288 239
102 128 292
118 283 243
395 128 286
200 110 448
352 134 231
332 133 226
314 138 220
276 136 215
253 136 217
387 135 282
325 136 225
298 137 219
295 144 211
206 135 216
200 471 267
148 130 270
411 143 282
375 128 279
374 146 241
342 137 226
341 146 221
312 145 213
274 142 211
259 156 204
237 140 217
420 137 287
401 147 281
104 298 250
304 152 209
276 150 207
249 145 211
222 144 222
46 333 419
147 145 277
53 383 286
416 156 280
74 299 265
361 155 226
318 153 213
224 155 220
194 149 262
172 487 269
104 530 119
198 524 261
432 151 283
149 467 285
377 163 235
331 148 217
234 161 210
202 156 268
188 149 266
178 148 267
161 143 270
434 160 282
400 154 279
348 154 221
321 166 209
307 167 206
302 159 209
290 156 206
272 167 200
243 175 199
117 402 279
171 167 266
117 506 123
443 159 285
188 335 246
360 164 219
317 176 208
269 161 200
196 157 269
161 154 271
97 345 272
87 455 166
283 105 228
351 167 216
333 165 211
297 179 200
285 168 202
145 158 278
143 181 274
83 294 257
433 168 282
416 165 282
417 174 285
273 179 197
195 166 269
185 164 268
247 109 457
451 175 287
439 178 286
346 180 215
331 173 211
282 181 196
264 179 195
257 190 190
161 180 264
131 375 279
63 362 283
62 377 282
368 176 222
323 187 207
310 182 203
250 184 193
203 172 264
198 185 261
199 172 267
185 175 266
165 189 260
130 402 284
166 473 274
65 209 336
229 306 229
216 298 230
150 450 290
201 288 230
359 187 219
184 311 239
154 169 270
139 435 297
164 296 235
148 303 236
370 189 225
330 190 207
298 194 197
275 193 193
155 195 261
144 319 243
135 307 241
123 298 243
127 314 245
219 520 245
369 202 222
344 194 211
335 203 208
247 199 188
105 404 276
73 428 283
176 185 262
132 186 283
114 189 287
189 494 260
241 496 248
319 197 203
283 209 193
269 204 191
194 201 254
139 194 273
109 197 280
109 384 275
220 109 461
359 202 215
337 210 206
317 205 202
287 200 196
235 202 191
164 465 279
145 201 264
126 200 270
130 430 294
59 394 287
131 386 282
354 211 212
320 213 200
303 212 197
261 208 187
98 357 274
186 193 259
306 340 241
73 205 355
270 219 188
247 212 185
231 219 186
222 214 194
95 418 277
195 214 246
176 210 250
142 211 256
100 203 280
270 537 212
75 381 276
38 338 427
327 223 200
108 482 129
167 221 247
163 209 253
157 218 252
127 209 257
84 215 278
377 223 226
348 222 211
315 222 197
294 222 193
278 225 189
240 232 183
198 217 238
185 219 248
107 220 254
107 211 264
229 485 257
367 219 220
347 230 212
335 225 206
256 233 185
252 223 184
147 220 252
127 223 248
92 217 268
73 352 281
187 323 241
333 240 204
284 235 188
222 229 190
183 472 269
104 228 250
90 227 259
78 225 272
110 516 116
393 228 238
358 238 217
275 239 187
231 230 185
186 230 245
168 233 243
147 228 246
89 390 274
385 237 233
323 239 199
315 235 197
253 244 183
245 251 183
61 409 288
208 500 252
193 232 242
154 238 242
135 235 241
372 241 224
337 251 208
306 255 196
300 237 193
299 249 191
287 249 188
201 318 239
183 245 239
119 240 242
175 312 238
267 249 185
231 246 186
219 242 191
194 241 234
166 246 239
149 247 236
134 246 236
36 335 356
84 334 437
200 510 254
100 187 365
393 246 240
349 260 214
91 301 256
109 246 244
97 241 249
163 491 276
336 265 208
323 256 202
290 262 191
220 254 191
191 256 233
184 256 235
127 259 237
113 260 243
86 375 275
345 298 232
237 525 235
256 262 186
231 269 192
146 254 236
92 257 249
88 323 266
391 259 239
134 348 257
276 268 191
57 337 298
244 270 190
237 260 187
223 267 195
154 273 235
193 105 208
201 101 211
223 101 222
250 101 227
284 102 233
320 103 238
342 105 245
173 103 219
201 101 220
319 103 244
168 101 235
229 101 231
266 102 237
294 103 243
306 104 251
219 102 236
260 104 243
329 103 254
256 108 247
293 108 253
307 110 256
195 102 239
222 108 242
325 107 263
332 105 267
343 104 257
190 108 255
293 116 258
182 101 230
177 103 265
206 107 243
240 115 249
267 115 254
314 114 262
348 104 292
157 103 254
158 101 262
200 113 252
217 116 249
275 118 261
320 115 270
323 104 291
336 104 283
362 107 289
243 117 258
297 118 269
312 118 276
323 111 280
360 105 295
165 101 263
208 116 258
146 102 264
229 116 267
312 115 289
329 103 306
388 108 311
133 101 273
242 116 287
350 104 307
364 104 317
181 109 278
258 116 288
307 107 307
343 108 312
346 109 311
372 105 312
398 108 322
109 102 276
108 101 285
186 116 279
272 117 278
312 103 315
329 109 314
390 105 330
142 101 295
177 102 295
291 117 292
319 106 320
363 108 327
407 110 330
99 102 282
298 113 315
310 103 336
315 102 328
376 104 334
385 106 349
99 196 382
161 101 298
201 115 299
204 115 299
235 115 314
372 105 354
429 120 327
125 101 300
189 101 314
269 116 319
296 116 308
300 107 325
296 109 339
367 110 342
88 104 298
93 102 300
106 101 309
159 101 311
289 115 340
401 110 349
412 113 345
163 102 320
185 102 326
272 116 347
365 108 355
435 124 349
83 109 305
86 104 313
217 115 324
251 115 331
325 105 355
371 108 377
424 122 363
146 101 325
159 107 325
296 111 351
303 105 347
309 104 357
340 104 365
343 104 365
353 104 367
390 109 360
183 109 333
210 102 345
361 106 385
375 115 389
401 115 369
448 134 362
126 200 406
99 102 327
196 102 338
211 103 350
306 109 364
436 134 377
94 331 418
127 101 343
141 101 342
193 108 347
214 107 353
221 114 348
297 115 362
406 123 381
91 104 330
138 100 348
314 112 375
320 106 373
326 105 373
417 124 375
293 117 376
310 117 378
328 111 386
340 105 395
367 112 400
387 118 382
37 336 412
247 115 361
331 112 393
427 137 388
47 342 440
79 327 418
147 193 403
115 103 351
191 106 370
256 116 389
58 330 414
31 342 399
92 207 394
65 330 428
73 324 412
133 103 381
186 107 374
195 103 369
223 114 360
321 118 389
347 105 411
358 107 410
110 199 396
419 135 390
60 216 348
138 202 411
81 446 214
124 222 424
122 184 293
112 104 371
175 102 381
327 113 402
326 105 409
31 345 429
104 224 418
107 186 301
316 119 400
361 112 418
99 190 295
107 182 313
129 172 315
77 218 395
114 104 396
160 104 392
238 116 384
350 107 424
93 337 436
85 446 197
92 190 311
46 236 350
27 348 375
34 341 372
87 340 449
136 211 417
69 322 405
117 178 325
103 106 389
127 104 409
145 104 404
196 105 404
208 115 398
286 119 411
337 106 428
76 344 453
59 341 440
78 209 382
63 230 388
105 105 402
200 104 411
315 105 431
335 109 434
119 214 416
34 344 386
95 184 332
52 350 446
175 104 400
267 119 417
292 105 437
107 179 340
125 174 341
231 118 416
246 118 419
251 105 432
310 108 439
45 337 392
44 334 403
77 201 315
87 189 327
117 177 350
160 104 420
178 105 422
222 104 431
291 109 444
61 328 403
121 190 387
147 205 413
150 213 419
82 194 346
95 184 347
182 107 428
276 106 443
102 211 407
95 450 180
85 202 375
75 200 331
105 108 420
190 108 435
272 108 449
45 352 445
110 189 377
101 184 355
126 180 368
108 105 419
140 104 429
246 105 448
266 113 451
75 335 441
69 210 316
82 194 337
66 213 364
117 105 426
137 106 435
163 106 431
199 106 441
215 106 452
255 106 451
105 468 151
101 447 206
114 492 125
111 458 204
169 444 294
103 437 244
100 461 153
269 501 235
112 492 122
89 424 275
116 422 282
266 517 220
109 498 120
216 473 268
245 480 267
100 458 165
151 441 295
206 464 277
98 466 146
268 530 213
84 449 183
108 447 223
111 431 278
141 423 299
183 457 281
106 457 192
107 476 138
102 427 272
97 439 231
106 463 179
228 471 277
253 490 251
88 433 256
167 454 283
112 441 261
109 433 266
96 432 256
150 431 305
215 487 256
103 431 263
132 414 288
94 442 214
118 511 118
259 504 235
92 454 167
135 172 351


